6
29033
105510
942
580
908893
01
20474
8683
999
440262
82
857
6
463127
95
9668
04
518
904
5211
797024
3
928501
7
50
51
0122
5
452498
20748
6153
05
572
04
60
07
768500
4820
7607
74
10071
989606
844
9
813
012741
5437
561589
645005
1324
2591
2586
695
01408
64
89
159724
356
24
122895
370654
33570
420
785201
342237
84
5997
54150
01779
21515
374025
625
90
3
03
2689
23
8549
161
35
53
65
985407
0903
93932
609
3
501
66477
49
790722
54
02123
81
83371
688279
99
14
984
2557
3
743
35915
457548
7
48091
671
2008
2101
68
174761
073
847739
69044
8
315326
6599
194279
421
82456
35160
8806
9832
77
899
053208
816
9
775
608430
3753
66620
4
12492
7112
956
874361
30
145486
0065
366857
3032
7
06
097
7
25
474
28
18581
943
34
987173
9
5922
3
43728
3
79
438
289
533608
4
207
34842
594947
6255
20
931774
71
3757
029
35401
7
519624
92401
764436
781
3
455140
5970
7419
87
4
9389
11
0
159
545427
1362
6
63
8639
62
605104
69506
397
237
8
64573
077048
099
4
625811
780
19
665
64770
917
3
2157
7014
29311
790
395
747
707
3383
844
8
49
4986
372958
1
094422
2238
437523
213
85554
7
66
288
237061
56
030
6614
782
700
304647
456925
200568
0
30670
93
19058
152
79
1
2681
85
148
3745
6566
826115
37
157
545
0
732403
82810
7
456742
917
62167
094
5
07329
1298
8
39148
029
9918
3
0625
119
28
3
7
412
441
32
36197
12
55
0076
9375
97
508838
992896
838730
03852
4117
1
6450
74682
65
4
02
60
8
3
72080
579365
4893
9961
9728
618
50
79
58336
86
3
5288
967743
48644
44
4
40546
7089
6
94278
9467
21
8390
0538
0
618
6890
0784
6379
620
224
048139
8799
89
74
39040
6
6
42867
70790
81
7
16
29
43021
048
252844
3624
7388
7208
58283
218460
16062
0
150247
6
516709
2
07921
8
008321
23392
793583
15634
889812
95
1356
600
9308
413
600682
946999
4
83013
0
6
431
8090
941
892984
44955
38018
625
27706
492311
7
82
39087
266
04521
495
17421
0
649
31232
10316
59491
0294
026
00146
79
109618
8
07
2
013537
584920
113
3296
8
88182
93
66294
53659
82116
79219
57
66
2474
169
377
794968
512
4
3950
7
842
24
719
096
750484
4
358567
616
40
13
4400
9575
159405
63201
6097
325
6774
511
584
816640
55777
12869
389152
07241
5791
884773
95
76
17124
743
8425
28
26916
6
09
6
5
10
774
85
1255
99
0255
25773
2132
21
50
537
0
91903
5112
872
855997
5910
02203
23
9
90419
32207
063
56
971394
10600
37
41
657
99
46935
0629
112
3378
62320
96000
617
29
5128
6
99
8
2067
7697
935239
28
52099
90
9
092
296185
2
57909
27446
576362
86308
2644
71763
856314
9
622
60923
155818
573882
6
7176
611894
174342
70
2
31
774
6
4542
8
5
8
942565
855
886
704
88
4
62324
95
3068
452452
393
236
79
041672
4
6073
25
874167
108699
13
023461
986
3
93
54
46
46867
7
57203
36142
7590
66614
727
93
9023
6
447
87738
24
05
0
4984
154
9
27
84
6101
956653
885
792068
5
84
693
0
626103
3372
69901
9
3
681
7699
7
813107
715325
3
5145
2
51341
445509
76
81928
592768
04
4
65
2
271140
008029
80
56029
4
6202
344751
21
3
2232
5
17
23
51
76100
7887
0
5319
443
7079
8
72333
615492
9
652538
748937
153488
648108
998742
036
748044
17
07
845145
57823
73352
912
78
6593
970
4
0148
88534
86111
8964
7
1673
108
7
076
0278
992893
3
3121
5
38
7590
774
551
65468
11744
4
1792
417884
01
1
885687
04244
574711
20
377
8990
754632
9
46313
8
10
244910
09
98
36
7
14097
57009
136
49851
7176
6
4
1
3
57
37842
90
5070
69
67145
69
100885
8
09
29726
659
373
40
35
5855
3375
984720
058387
7
737
0
2706
45
94833
501314
83
226066
9557
12728
728320
561
948
080859
382
0
98
62
1799
838
77
07
83
28474
034
27
362580
7
7
573
6
4
68714
601
92457
4773
694444
38098
220
539483
528
114
204
549
6146
886526
2
4742
75
77
1
5750
6
2
730256
778
3
9
57
47682
5293
468760
45145
9684
5982
84
390
0
20110
7781
731574
62
32
453
3
28
59
08
00
7
94
59107
2
0046
10
6543
30
5060
3472
79
904
63
75
51518
183
433
92
79311
722
9
8
79709
27
64513
451
146741
6234
35135
740
857223
58
0
9461
06759
859
4690
77892
400
5
23354
4918
808260
071
83
4411
5558
12623
135251
0
134975
39
6
41564
36
8
7
02
44158
675
2488
426065
3933
8
88
52
5
44558
5
39010
834797
9438
8035
71729
086987
955326
756
331387
785206
831
0
8801
64012
784063
623
49022
0560
82
4818
45097
453883
8
426775
45
409502
7
1
15064
988
531
0
153
152656
49990
17
1812
8540
4449
551428
7
4893
862796
83603
4
1378
13
50
907
160
522727
40
108477
00
5
67441
0407
240
962
746
35735
194
3
980
1735
352208
45
8033
149
2564
696632
894092
6
74
27252
3689
4
4257
7
6107
2351
947191
2
532936
05
746
434
7
26
65178
282723
07377
1
98
3
540
4
97684
6
70
209
76
01
08995
1790
6871
50954
74
624
60960
151
5301
743465
166752
9079
391575
28854
291840
388820
298438
072813
895
861
